Generated by GetData Graph Digitizer 2.26.0.20 on October 04 2019, 21:39
from file 'C:\Users\Ёвелина\Desktop\inagaki1974.jpg'

Line #1
 0.00000000000000e+000    0.00000000000000e+000
 3.61044525854343e+000    6.36538303692425e-005
 3.89521239440583e+000    2.88954887860377e-003
 4.08416376455453e+000    1.41763780635500e-002
 4.27231108631962e+000    3.39258164860070e-002
 4.36531268269068e+000    5.50840146805834e-002
 4.45871630325355e+000    7.20109082564043e-002
 4.55225393188035e+000    8.75273669593068e-002
 4.64646160082683e+000    9.59916512976168e-002
 4.74133931009298e+000    9.74037612713345e-002
 4.83648503548701e+000    9.59950014992152e-002
 5.02784855078654e+000    8.18940029716288e-002
 5.12379832456418e+000    7.20226339619987e-002
 5.22015012253362e+000    5.79199603336131e-002
 5.31596588824732e+000    4.94590261969014e-002
 5.41137962976922e+000    4.52293966789452e-002
 5.50639134709931e+000    4.52310717797443e-002
 5.69507470112014e+000    5.93387707105275e-002
 5.78834431361907e+000    7.76760991592669e-002
 5.97689365957597e+000    9.31942329629685e-002
 6.26018670673508e+000    1.11534911613306e-001
 6.54468582646961e+000    1.17181676407378e-001
 6.82998899458775e+000    1.14365831963938e-001
 7.11569418689770e+000    1.07318682901744e-001
 7.49606863148546e+000    1.03877653615584e-001
 8.02315212651255e+000    1.11879424011007e-001
 8.43397618118337e+000    1.21289581933926e-001
 8.77082778456194e+000    1.31482011930068e-001
 9.07599392571226e+000    1.41830598545156e-001
 9.38117495664746e+000    1.52022470174365e-001
 9.67578424031666e+000    1.62370870667142e-001
 9.95983666650474e+000    1.72719085037609e-001
 1.02333173454268e+001    1.83223828271644e-001
 1.05067980243489e+001    1.93728571505679e-001
 1.07908355607521e+001    2.04233500862025e-001
 1.10537593821930e+001    2.14738057973750e-001
 1.12744259941398e+001    2.25555300567989e-001
 1.14739640013393e+001    2.36528885903487e-001
 1.16735020085389e+001    2.47502471238985e-001
 1.18941686204856e+001    2.58319713833224e-001
 1.21148352324323e+001    2.69136956427464e-001
 1.23038312719357e+001    2.79953640654771e-001
 1.24822406743881e+001    2.91083568731526e-001
 1.26501081091444e+001    3.02056595700091e-001
 1.28074186864195e+001    3.13029436546344e-001
 1.29647143739097e+001    3.24158992378478e-001
 1.31220249511848e+001    3.35131833224731e-001
 1.32793206386750e+001    3.46261389056864e-001
 1.34260594686841e+001    3.57390758766687e-001
 1.35622414412121e+001    3.68519942354198e-001
 1.37195520184872e+001    3.79492783200451e-001
 1.38874194532434e+001    3.90465810169016e-001
 1.40341731730374e+001    4.01438464892958e-001
 1.41703551455653e+001    4.12567648480470e-001
 1.43065371180933e+001    4.23696832067981e-001
 1.44321622331402e+001    4.34825829533181e-001
 1.45472304907059e+001    4.45954640876070e-001
 1.46728556057527e+001    4.57083638341271e-001
 1.48090375782807e+001    4.68212821928782e-001
 1.49452195508087e+001    4.79342005516293e-001
 1.50602878083744e+001    4.90470816859182e-001
 1.51859129234213e+001    5.01599814324383e-001
 1.53115380384681e+001    5.12728811789583e-001
 1.54265914062490e+001    5.24014338118352e-001
 1.55522165212958e+001    5.35143335583552e-001
 1.56778416363427e+001    5.46272333048752e-001
 1.57929098939084e+001    5.57401144391642e-001
 1.59079781514742e+001    5.68529955734531e-001
 1.60230464090399e+001    5.79658767077420e-001
 1.61170009516434e+001    5.90787206175687e-001
 1.62109554942469e+001    6.01915645273954e-001
 1.63365806092937e+001    6.13044642739155e-001
 1.64727625818217e+001    6.24173826326666e-001
 1.65983876968685e+001    6.35302823791866e-001
 1.67134559544343e+001    6.46431635134755e-001
 1.68285242120000e+001    6.57560446477645e-001
 1.69330207222997e+001    6.68845786684103e-001
 1.70480889798655e+001    6.79974598026992e-001
 1.71737140949123e+001    6.91103595492192e-001
 1.73204678147063e+001    7.02076250216135e-001
 1.74777635021965e+001    7.13205806048268e-001
 1.76139603645094e+001    7.24178274649899e-001
 1.77395854795562e+001    7.35307272115100e-001
 1.78652254843880e+001    7.46279554594420e-001
 1.80014074569159e+001    7.57408738181931e-001
 1.81481611767099e+001    7.68381392905874e-001
 1.82949000067190e+001    7.79510762615696e-001
 1.84733242989564e+001    7.90483975706571e-001
 1.86623203384597e+001    8.01300659933878e-001
 1.88513014881782e+001    8.12274059147065e-001
 1.90297257804155e+001    8.23247272237940e-001
 1.92398355348811e+001    8.34064328709869e-001
 1.95027444665372e+001    8.44725600807473e-001
 1.98290392124346e+001    8.54917844681304e-001
 2.02398334875357e+001    8.64641432575983e-001
 2.07880158077401e+001    8.72800290201907e-001
 2.14526362457194e+001    8.77670180469776e-001
 2.21494186190432e+001    8.77369034570544e-001
 2.27938633985078e+001    8.72365508483362e-001
 2.33435495869853e+001    8.64696152535423e-001
 2.38089149236778e+001    8.55614872736078e-001
 2.41898998494457e+001    8.45748529028845e-001
 2.45181302673777e+001    8.35567824738298e-001
 2.48358187176136e+001    8.25230219339560e-001
 2.51324083426720e+001    8.14735526710320e-001
 2.53867854275909e+001    8.04083374605956e-001
 2.56200636873324e+001    7.93274135271090e-001
 2.58533270572890e+001    7.82621610922104e-001
 2.60655064918531e+001    7.71655284356736e-001
 2.62776859264173e+001    7.60688957791368e-001
 2.65003924388928e+001    7.50036247320071e-001
 2.67125569836720e+001    7.39226635740583e-001
 2.69141646709702e+001    7.28416838038785e-001
 2.71368860732306e+001    7.17607412581608e-001
 2.73595925857061e+001    7.06954702110311e-001
 2.75717720202702e+001    6.95988375544943e-001
 2.77733945973532e+001    6.85021862857264e-001
 2.79855591421325e+001    6.74212251277776e-001
 2.81977385766966e+001    6.63245924712409e-001
 2.83888042962985e+001    6.52279225902419e-001
 2.85693131584193e+001    6.41312340970118e-001
 2.87709357355023e+001    6.30345828282439e-001
 2.89831002802816e+001    6.19536216702951e-001
 2.91952648250608e+001    6.08726605123463e-001
 2.94074442596250e+001    5.97760278558096e-001
 2.96407076295816e+001    5.87107754209110e-001
 2.98739709995382e+001    5.76455229860124e-001
 3.01178061167609e+001    5.65646176647569e-001
 3.03616263441986e+001    5.54993838420894e-001
 3.06160034291175e+001    5.44341686316530e-001
 3.08809224817326e+001    5.33846435320356e-001
 3.11352846768665e+001    5.23350998201872e-001
 3.14002037294816e+001    5.12855747205699e-001
 3.16545957041854e+001    5.02046880115455e-001
 3.19089876788891e+001    4.91238013025212e-001
 3.21739067315042e+001    4.80742762029038e-001
 3.24388257841193e+001    4.70247511032865e-001
 3.27037597265193e+001    4.59595545050812e-001
 3.29792356366155e+001    4.49100480176950e-001
 3.32441546892306e+001    4.38605229180777e-001
 3.35196454891118e+001    4.27953449321035e-001
 3.38056782566891e+001    4.17458570569484e-001
 3.40917110242664e+001    4.06963691817933e-001
 3.43988426170211e+001    3.96625900296884e-001
 3.46954173522947e+001    3.86287922653523e-001
 3.50025638348343e+001    3.75793416146594e-001
 3.53202373952853e+001    3.65612525733736e-001
 3.56484678132173e+001    3.55431821443189e-001
 3.59977970563268e+001    3.45408204383143e-001
 3.63787670923098e+001    3.35698575661790e-001
 3.67808508432550e+001    3.25989319185060e-001
 3.71934765618966e+001    3.16436963816520e-001
 3.76061022805381e+001    3.06884608447980e-001
 3.80081711416984e+001    2.97332066957129e-001
 3.84313388280362e+001    2.87936612696780e-001
 3.88650633718551e+001    2.78541344558742e-001
 3.92882310581928e+001    2.69145890298393e-001
 3.97219556020117e+001    2.59750622160355e-001
 4.01873060489193e+001    2.50826057346890e-001
 4.06737404312193e+001    2.42215294749806e-001
 4.11812587489119e+001    2.33918334369104e-001
 4.16993339240856e+001    2.25621560110713e-001
 4.22279510669555e+001    2.17481686960513e-001
 4.27670952877367e+001    2.09655429904383e-001
 4.33273383336953e+001    2.01986260078756e-001
 4.38770394119577e+001    1.94160189144937e-001
 4.44372824579164e+001    1.86491019319310e-001
 4.50186094392675e+001    1.79135651710064e-001
 4.56210054662262e+001    1.72250801303080e-001
 4.62128446357037e+001    1.65365764773784e-001
 4.68152406626624e+001    1.58480914366800e-001
 4.74387057352287e+001    1.52066581162077e-001
 4.80726829959215e+001    1.46122579037305e-001
 4.87172171140954e+001    1.40178763034843e-001
 4.93617512322693e+001    1.34234947032382e-001
 5.00062555708734e+001    1.28604561001681e-001
 5.06823858125663e+001    1.23444878295551e-001
 5.13795850998667e+001    1.18755712791684e-001
 5.20767843871672e+001    1.14066547287816e-001
 5.27739687846827e+001    1.09534096769829e-001
 5.34816802601097e+001    1.05315262345912e-001
 5.41893917355366e+001    1.01096427921995e-001
 5.48970734313937e+001    9.71910234698373e-002
 5.56152822051622e+001    9.35992351117506e-002
 5.63440329466270e+001    9.01643478618548e-002
 5.70622268306106e+001    8.67292744896480e-002
 5.77909775720754e+001    8.32943872397521e-002
 5.85091863458439e+001    7.97025988816655e-002
 5.92273951196124e+001    7.61108105235788e-002
 5.99666878287734e+001    7.28328243818738e-002
 6.06954236804533e+001    6.95546521178579e-002
 6.14241446423483e+001    6.64331948397217e-002
 6.21633926821546e+001    6.36253536556562e-002
 6.29025960526064e+001    6.12876574292303e-002
 6.36523116111845e+001    5.94202922827548e-002
 6.44020122799778e+001    5.77096421221591e-002
 6.51517278385560e+001    5.58422769756837e-002
 6.59014582869191e+001    5.38181968433284e-002
 6.66406318778010e+001    5.17939305886621e-002
 6.73903623261641e+001    4.97698504563068e-002
 6.81295210272611e+001    4.79022991875203e-002
 6.88792365858393e+001    4.60349340410448e-002
 6.96289521444175e+001    4.41675688945693e-002
 7.03786528132108e+001    4.24569187339737e-002
 7.11283385922192e+001    4.09029835592579e-002
 7.18780243712277e+001    3.93490483845421e-002
 7.26276803706663e+001    3.81085431815859e-002
 7.33878932275861e+001    3.68682241009408e-002
 7.41375790065945e+001    3.53142889262250e-002
 7.48872498958180e+001    3.39170687373890e-002
 7.56474627527378e+001    3.26767496567439e-002
 7.64076756096576e+001    3.14364305760988e-002
 7.71573316090962e+001    3.01959253731427e-002
 7.79175444660160e+001    2.89556062924975e-002
 7.86777722127207e+001    2.75585722259726e-002
 7.94379850696404e+001    2.63182531453275e-002
 8.02192520823830e+001    2.57051662528237e-002
 8.10110759526066e+001    2.50922654826310e-002
 8.18978222014510e+001    2.54213297285164e-002
